-2.04487|0.139888|-1.61339
1.26584|0.18702|-1.04025
-0.613805|0.871117|-0.35432
1.01108|-0.716962|-0.282113
0.863056|0.0297769|-1.39201
-1.98856|-0.898914|-1.2711
-1.44602|-0.735023|-0.0229499
-0.222662|-0.838017|-1.99066
-2.01346|-0.268664|-0.936674
0.291856|0.223881|-0.785668
-1.36844|0.358699|-1.09842
-0.606297|-0.974514|-0.784631
1.16161|0.665734|-0.960234
-0.812004|0.82714|-0.546648
1.86919|0.936579|-0.921293
-1.46641|-0.0834223|-1.52934
1.48518|-0.638878|-0.440687
1.40898|1.09295|-0.00061037
0.457147|-0.236637|-1.46757
-0.831149|0.748317|-1.95251
-0.50895|-0.896228|-0.645589
-1.81952|-1.08066|-0.16242
-0.918862|-0.499628|-0.824183
0.783851|0.742744|-0.547014
-0.0617496|-0.64821|-0.512528
-0.129318|-0.0924863|-0.101688
1.0022|-0.861785|-0.801904
-0.470536|0.517017|-0.782067
0.296861|-0.305054|-1.69689
-1.12707|-0.164663|-0.394238
0.0701331|1.07798|-0.496902
-0.6332|-0.728242|-0.685385
-0.0332209|-0.960213|-0.600482
0.0197073|-0.775509|-0.100833
-1.46954|0.891259|-0.614215
-0.8075|-0.161574|-1.85925
1.91311|0.403012|-1.69353
1.54674|0.707697|-0.835902
-1.26546|-0.708637|-0.365612
-0.101415|-0.757784|-0.992157
0.95127|-0.2077|-1.44084
0.281846|0.400931|-0.488296
0.909853|-0.0543504|-1.75396
-0.541983|0.736299|-1.92981
0.0697577|0.358565|-1.14756
-1.62082|0.988546|-0.157231
0.203142|-0.338826|-1.05655
-0.512578|0.763356|-1.36625
-0.179994|-0.501843|-0.0340587
-0.829022|0.526215|-0.865444
-1.24644|0.574892|-0.321116
-0.41961|0.00198065|-0.219672
-1.93739|1.08818|-0.854823
-1.84292|0.0689199|-1.61187
1.40648|0.278869|-0.684774
-1.23881|0.752748|-1.75335
-1.5993|0.534877|-1.37187
1.80838|-0.470623|-1.32737
-1.47492|0.512787|-0.33076
0.852795|0.220524|-0.50557
-1.01383|-0.782156|-1.99677
-1.79987|0.673724|-0.294748
-1.18663|-0.845671|-0.893582
-1.99157|-0.849699|-1.09098
1.0341|0.409525|-0.913114
-1.74707|-0.139216|-1.59612
0.804497|-0.461223|-1.12662
-1.09704|0.17131|-0.934843
0.527593|-0.747578|-0.991729
1.89847|0.430674|-0.150395
-1.27122|-0.360915|-1.6433
2.03023|-0.0936277|-0.00396741
-1.65022|0.275378|-1.81121
-0.255319|0.949336|-1.90313
1.61794|-0.461962|-1.5454
1.10317|-0.19642|-1.59606
0.525091|0.229118|-1.09677
-0.137951|0.21522|-0.730552
1.45465|0.723341|-0.75045
0.905724|0.144655|-1.24973
-1.29449|0.523395|-0.889737
1.66086|-0.565694|-1.62212
0.429369|0.436717|-0.830775
-0.609676|-0.012186|-1.83923
0.987056|0.246507|-0.759239
0.783601|0.669964|-1.70177
0.311751|0.809012|-0.176885
0.470286|0.500903|-1.91357
0.68788|1.04837|-1.36998
0.283723|-0.427183|-1.65215
-1.60493|0.811899|-0.297555
1.0017|-0.759261|-1.34617
-1.72467|-0.931477|-0.71804
1.31201|0.0992004|-1.10349
-0.373188|-0.442759|-1.06888
0.00494247|-0.764162|-1.35392
0.975794|-0.409458|-0.346629
1.88221|0.821366|-0.549944
-0.819762|0.976797|-1.74554
-1.78048|0.626926|-0.950835
0.449515|1.00345|-1.85546
1.54011|0.33849|-1.35575
-1.62032|0.0111118|-1.54582
-0.859803|0.923957|-0.897671
0.667484|-0.848021|-1.01492
-0.495561|-0.00701621|-0.413282
0.0379757|-0.258794|-0.623676
0.13182|0.233818|-1.20963
-2.02585|0.457329|-1.79876
0.50457|0.799142|-1.017
1.01408|-0.00681478|-1.23978
1.16999|0.116187|-1.28581
1.86844|0.287866|-1.64684
-0.515581|-0.810422|-0.513443
1.85205|0.246373|-1.94433
-0.697639|-0.976998|-0.72158
-1.51033|0.763558|-0.271371
0.397212|0.487609|-0.292062
-1.98981|-0.821769|-0.584185
0.480296|-0.621354|-1.8681
-1.35743|0.273028|-1.31803
-0.740432|-0.291357|-0.677999
1.23981|0.675134|-0.946928
0.455521|0.655998|-0.198798
-1.45628|0.286389|-1.19517
-1.00983|-0.799612|-0.289621
-1.77873|-0.158821|-0.853298
-0.810628|0.105713|-1.54888
-0.773466|-0.856615|-0.383923
-1.49769|-0.474651|-0.42378
1.62044|0.637199|-0.512406
0.472413|-0.305524|-0.286691
-1.11318|0.799881|-1.54112
-1.02685|0.093292|-0.0303354
-1.8294|-0.920869|-0.950652
-0.300114|-0.891729|-1.48241
1.6053|-0.587918|-1.7069
-1.53711|0.949605|-1.83978
-1.85693|-0.970821|-1.32719
1.70027|-0.223075|-1.13443
1.82928|0.741804|-0.931547
1.4026|0.425773|-1.20463
-0.987431|-1.09047|-0.94882
1.86469|-0.222874|-1.51781
0.35079|-0.538704|-0.631977
1.82565|-0.141902|-0.21955
-2.0206|0.97015|-0.796899
1.17324|0.168691|-1.71514
-1.13846|-0.257384|-1.99145
-0.336526|-0.919056|-0.680135
1.4559|-0.957326|-0.37788
0.664481|0.421274|-0.394604
0.123562|0.408383|-1.71447
0.776969|0.501373|-0.444533
-1.92262|0.811093|-0.710959
0.846915|-0.912006|-0.896023
1.83641|-0.970687|-1.45006
-1.45478|1.05992|-0.760033
-0.851794|0.929463|-1.26493
0.797615|-0.619004|-1.68816
-1.06376|0.0471664|-0.195441
-1.61369|0.885821|-1.11655
-1.72154|0.620615|-1.65642
1.94502|0.606919|-0.259224
-1.18638|-0.0954405|-1.99249
1.0276|-0.849095|-1.19059
-0.774342|1.08375|-1.92285
-1.01646|-0.683593|-1.50462
-1.42062|0.264702|-0.229255
1.80025|-0.669561|-0.440687
0.596788|0.344868|-0.181707
-0.182621|0.926844|-0.671651
-1.43188|0.299951|-0.860927
-0.319634|0.974648|-0.918851
0.322137|0.0801996|-1.48943
-0.422488|-0.329426|-1.92676
1.21053|-0.667681|-1.85943
-0.453394|0.199643|-1.85815
-1.23956|-0.757045|-0.711325
-0.187251|0.229453|-0.605304
-0.24068|0.405832|-1.20695
1.37645|0.202866|-1.60082
1.84279|0.827207|-1.21659
1.99857|-0.692322|-0.208563
0.305245|-0.127467|-0.745323
0.854923|-0.990829|-1.42888
-0.983177|-0.203201|-0.209357
0.861805|0.502582|-0.207892
-0.436377|-0.225694|-0.192267
-0.784727|-0.246171|-0.858852
-0.600417|0.51413|-0.509293
0.969163|0.526753|-1.72137
-1.2293|-0.500299|-0.639119
1.68563|-0.290753|-0.96469
-1.60155|0.896362|-1.59386
0.0736366|0.340638|-1.12296
0.769337|-0.901062|-1.84088
-1.73931|-1.03883|-1.28983
-0.790358|0.434031|-1.71465
-0.431121|-0.950746|-0.648518
0.92224|-0.662847|-0.611957
0.474415|0.340773|-0.912015
-1.64697|0.0998047|-1.90075
1.94577|-0.0791253|-0.0600604
0.934252|0.0681143|-0.640156
0.790483|-0.281353|-1.22275
-1.84517|0.681512|-1.66088
-1.80062|-0.416776|-0.431043
-1.17887|-0.3918|-1.03067
-2.01246|-0.132301|-0.984283
0.434375|0.568783|-1.19785
-0.615807|0.753822|-0.11536
0.505571|1.09402|-1.89306
0.257697|0.799814|-1.22648
-0.793736|-0.474718|-1.94659
0.461527|-0.23939|-1.96277
-1.92275|-0.0974548|-0.284127
1.79074|-0.215824|-0.545427
0.457523|0.678423|-0.249153
0.338653|0.209043|-1.84198
1.20202|-0.0831538|-0.818751
0.366681|0.152242|-0.36787
0.708275|-0.34413|-1.97955
-0.954022|-0.348561|-1.53581
1.11118|-0.282159|-0.260262
-1.57089|0.496271|-0.742149
1.61519|-0.697357|-0.928861
1.64822|0.616184|-0.0695822
-1.24081|0.883404|-0.405164
1.85893|0.767385|-0.219306
0.527718|-0.691986|-0.766137
-0.963532|-0.548573|-0.5356
1.18125|-0.723945|-0.572222
-0.0781411|-0.920734|-0.386914
1.4569|-0.825797|-1.38505
0.300615|-0.0594531|-0.475906
-1.26333|0.501105|-0.00994903
-1.98706|0.324793|-0.616718
-1.33603|-0.941346|-1.45006
0.724166|0.745631|-0.886685
-0.527969|0.614908|-1.53496
0.566758|-0.590335|-1.59081
1.93126|-0.480157|-1.95422
1.1038|-0.765975|-1.90606
-2.01209|-0.333119|-0.712241
-0.642709|-0.18796|-1.16697
-1.67825|0.0994018|-0.601459
-0.664231|0.346547|-0.247505
0.145459|0.154054|-1.89203
-0.140329|-0.528028|-1.1464
1.48969|-0.0295083|-1.82513
0.269834|0.460686|-0.443068
1.49331|0.771212|-1.41398
1.49394|0.318818|-0.506302
1.34742|0.584359|-0.256172
1.67412|0.907575|-0.956084
-0.245309|-0.863195|-1.29197
1.32452|-0.159023|-1.66033
-2.0465|0.346413|-0.452895
-1.78874|-0.902405|-1.22868
0.753946|0.676745|-1.69182
-1.46429|-0.993381|-1.30772
-1.97392|1.05253|-0.704733
-1.83003|0.911133|-0.725059
-0.279969|-1.05367|-1.51482
-0.443008|0.338826|-0.436232
-1.95641|0.717298|-1.72314
0.550491|0.110883|-0.033021
-0.149963|-0.627464|-1.3986
1.15685|-0.346413|-1.03879
0.442883|-0.874474|-0.0311289
1.04887|-0.768056|-1.08719
0.867685|1.09725|-0.448988
0.580772|0.266649|-0.107791
0.771464|-0.462432|-0.865688
-0.859427|0.106116|-0.575274
-1.03961|0.102692|-1.01474
1.85343|0.373605|-0.46968
0.505821|-0.119343|-0.402478
1.0067|1.07563|-1.59075
0.530847|0.901599|-0.817408
1.71541|0.012186|-1.02121
-0.206145|0.856548|-0.119205
-1.3|-0.545686|-1.59398
0.945013|0.970486|-0.74984
-1.88045|0.310962|-1.93097
0.231045|0.0978576|-1.10733
-1.79837|1.09127|-1.7445
0.413729|-0.989218|-1.65441
0.656973|-0.368636|-1.36808
0.629696|-0.196823|-1.14499
-1.14134|0.39274|-1.6671
-0.0100726|0.0168188|-0.394543
-0.266205|-1.09006|-1.32102
-0.508824|-0.817136|-0.345347
0.956525|0.860509|-0.71334
0.617434|0.0318583|-0.53206
0.972416|1.0056|-1.06833
-0.560627|-0.853191|-0.19068
1.31701|-0.099469|-1.78265
1.51471|0.575027|-1.92175
-0.341656|0.959474|-1.8645
-1.37407|-0.635185|-1.76617
0.373563|-0.839628|-0.763451
0.328393|0.418656|-0.536882
1.70415|0.373403|-1.403
1.26634|-0.267992|-0.00500504
1.11731|-0.650291|-1.65886
-0.458148|-0.701318|-0.838038
-1.24794|1.01231|-1.6195
-0.484925|-0.431211|-1.75835
-1.23756|-0.998282|-0.457656
1.07026|0.838285|-1.99646
-0.210649|-0.161977|-0.396924
-0.158472|-0.0113132|-0.501236
-1.07214|0.130689|-1.81451
1.7303|0.866417|-0.285958
-1.8055|-0.0200415|-0.735923
1.01358|0.563344|-1.48851
1.68063|0.642369|-1.60076
0.216655|-0.987271|-0.955657
1.19051|0.449138|-1.9519
0.950143|0.117396|-0.171575
1.53974|0.653246|-1.38914
-0.430746|-0.039848|-1.89483
0.623064|-1.09812|-0.462844
1.05037|-0.616587|-1.69048
-1.81414|0.37535|-1.93463
-0.631948|0.435307|-0.403699
-0.261325|1.05978|-0.728904
-0.839282|-0.0506577|-0.251289
-1.72492|-0.877831|-1.71355
-1.46366|0.919593|-1.38255
-0.517333|0.690442|-1.90674
1.28823|-0.572005|-0.20423
-0.998317|-0.507416|-1.58397
-1.10955|0.761544|-0.250313
1.58954|0.758522|-0.781457
-1.88233|-0.718238|-1.6325
-0.590782|-0.111621|-1.62987
1.61731|0.270678|-0.907315
1.68789|0.0497177|-0.538713
2.04725|1.03252|-0.265145
1.39484|-0.777322|-1.2512
-0.884077|-0.723878|-0.0524918
0.991435|0.476531|-1.93823
0.594661|0.687957|-0.528153
1.3045|-0.825797|-0.562212
-0.512203|0.329627|-0.169134
1.59767|-1.02923|-0.453017
-0.209648|-1.08335|-1.54277
-0.334274|-0.755501|-0.161931
0.00694449|-0.565694|-0.491043
1.66674|-0.630351|-1.93579
1.11181|-0.597855|-0.886807
1.2562|0.774435|-1.33677
0.159598|1.08194|-0.261299
0.602168|-0.598996|-0.374401
-0.528719|-0.292834|-1.93005
0.251315|-0.224686|-1.76043
-0.717785|0.877831|-1.59703
1.80475|-0.824857|-0.30134
1.61519|-0.119745|-1.55577
0.552493|0.132167|-0.751915
-0.313002|-1.06374|-0.271737
-1.47755|-0.511713|-1.41606
0.744812|0.135188|-0.0823389
0.43963|0.634111|-1.15458
1.30538|0.52682|-1.72845
0.0677557|-1.05582|-1.98602
1.01809|-0.365481|-0.195746
-0.154718|0.589395|-1.89898
0.536978|-1.04682|-0.635151
1.92325|0.00097354|-0.587237
-0.959653|0.709174|-0.706748
0.398589|-0.520038|-0.311533
-0.163727|0.545955|-1.29679
-1.99057|-0.0515976|-0.747032
-0.394084|-0.256041|-1.94476
-0.865809|0.213071|-0.232246
-0.278092|0.949403|-1.23405
0.135824|-1.07784|-0.0515152
1.49732|-0.137672|-0.600726
-0.684877|0.225156|-1.0029
0.244433|-1.01419|-1.24357
-1.09454|0.96216|-0.280953
1.90285|0.23939|-0.832057
-1.73656|-0.204544|-1.38939
-0.00581835|-0.92389|-0.250435
-0.802495|0.61934|-0.13422
0.362552|-0.624308|-1.44139
0.248938|0.823716|-1.49986
-0.814257|0.499695|-0.266793
-1.10255|-0.680438|-1.10642
1.60042|0.163521|-1.94244
2.03048|-0.96968|-0.76162
-0.996565|-0.726362|-1.76775
-1.10092|-0.0112461|-0.0803858
-1.84792|-0.92483|-1.32469
-0.903096|0.0342082|-1.01889
-0.359674|0.934364|-0.797876
-0.85217|-0.0533433|-1.19669
1.85042|0.106384|-0.330149
1.20715|0.663652|-0.814295
1.51734|-0.400259|-0.121647
-0.95152|0.97532|-0.562456
-1.52672|0.60477|-1.05423
-1.32877|-1.04132|-1.91675
-0.185374|0.797061|-1.72777
-1.99069|-0.631895|-0.362926
1.21854|0.615244|-0.683004
-0.825143|0.619138|-0.156987
1.40272|-0.566231|-1.00247
-1.95566|-0.933424|-1.93823
-0.589531|0.473711|-1.18039
-1.31026|-0.444572|-1.63579
1.00407|-0.803574|-1.88354
0.105043|-0.310492|-0.386547
-1.39884|0.879711|-1.73638
-1.93013|-0.700848|-0.363842
-1.02822|0.155531|-1.30619
0.163727|0.362795|-0.258492
1.77335|0.979617|-1.78961
-1.42174|0.127534|-0.399487
1.62007|-0.940474|-0.255379
1.32189|-0.245769|-0.902432
0.705022|-0.107929|-1.43724
1.84279|1.06072|-0.543901
0.388704|-0.500769|-1.73608
-1.23843|0.221128|-1.0253
-0.593159|-0.594162|-1.04312
0.786354|0.985928|-0.657735
1.97855|-0.577444|-0.972869
-1.08315|0.875683|-1.03128
-0.711528|0.0824824|-0.858425
-0.670237|-0.334059|-1.66155
-0.860303|-0.617594|-0.154363
0.982676|0.675402|-0.699118
0.765458|-0.505805|-0.466262
-1.78586|0.487878|-0.281869
-0.649591|-1.00238|-1.0314
-1.96479|0.74402|-0.762963
0.166355|0.228916|-0.862636
1.13721|0.308075|-0.606525
1.06576|0.809616|-1.68401
-0.313628|0.630216|-1.95715
-0.252692|-1.00728|-0.987396
-0.946014|-0.949806|-1.5103
1.97643|0.0142003|-0.768944
-1.75883|-0.291491|-0.0889309
1.4763|-0.357558|-1.51622
-0.862931|-0.987875|-0.0145878
-1.34291|-0.948396|-1.55974
-0.816259|0.631089|-0.700766
-1.7069|-0.521918|-1.72704
-1.1581|0.137672|-1.64348
0.542358|-0.864806|-1.09256
1.06126|-0.365615|-1.88519
-0.89171|0.427451|-0.253487
0.277091|0.810691|-1.83758
1.21116|1.09926|-0.730003
0.487303|0.208506|-0.813746
-1.25357|1.05354|-1.53697
-1.87658|-0.574087|-1.48973
-0.382072|0.648881|-1.45506
1.64021|-0.265239|-0.544877
-1.2034|-0.983511|-0.790857
-0.598665|-0.305255|-0.663778
1.95178|-0.607993|-0.208441
-0.627444|0.997745|-0.669759
-1.22317|-0.478814|-1.2891
0.131194|-0.459813|-1.56005
-1.64159|-0.865209|-0.581317
1.40961|0.378103|-0.361705
-2.02635|-0.0190344|-0.790735
1.78486|-0.460619|-0.788354
1.01233|0.82244|-0.175542
1.35342|0.233012|-1.39024
1.16536|-0.769735|-0.914762
0.775092|-0.231803|-0.0136113
-1.63208|-0.194473|-1.94513
0.768461|-0.530445|-1.66198
-1.11256|-0.684198|-0.275582
1.07952|-0.99526|-1.03354
-1.81977|1.01473|-1.83001
0.268458|1.01762|-0.852199
1.5525|-0.200851|-1.1937
-0.354669|0.348762|-0.353282
1.82527|-0.477136|-1.99554
0.476667|-0.991232|-0.687887
-0.320009|0.999893|-0.792077
-1.22642|-0.188363|-1.31889
0.50482|0.678491|-1.9903
-1.61844|-0.232273|-1.44627
-0.751193|0.713337|-0.292978
-0.772715|-0.66513|-0.870632
-0.126815|1.08926|-1.13352
-0.53923|-0.178695|-1.23026
0.329769|0.831034|-1.32517
-0.437127|0.992306|-0.981719
-0.333773|0.238249|-0.446486
-1.70703|-0.767385|-1.58415
-1.69189|-0.402005|-1.05637
0.52947|-0.367898|-1.84136
0.469535|-0.785781|-1.43858
1.3324|-0.134046|-0.0111698
-1.14409|-0.863866|-0.962004
-0.965159|-1.08382|-0.847499
1.1093|-0.863463|-0.0615864
-0.535351|0.888775|-0.956572
-1.13708|-0.434233|-1.04306
-0.776469|-0.188296|-0.470534
1.4006|-0.243956|-1.14505
0.919112|0.516816|-1.81719
-1.71491|0.556764|-0.30604
0.565006|-0.308814|-1.04996
-1.66299|-0.186349|-1.62328
-0.64321|0.909455|-1.54137
-0.77772|-0.760604|-1.31693
-1.30262|-0.50097|-1.58812
-1.34291|-0.362392|-1.86914
0.00782037|1.0201|-0.381481
-0.219533|0.908582|-1.64147
-0.0741371|-0.0614002|-0.60152
-1.03072|0.96075|-1.44511
-0.821889|0.709375|-0.360729
0.532598|0.64915|-1.9856
-0.980049|-0.463036|-0.094058
1.4738|0.0383709|-0.584979
-0.999693|0.926307|-1.01749
-1.66649|0.717164|-1.84661
-0.891209|-0.255504|-0.713462
0.0618748|-0.15063|-1.71856
1.9474|-0.935841|-1.98962
1.70065|-0.194339|-0.489334
-1.2806|-0.87622|-1.15372
0.729546|0.0603259|-0.351573
1.38245|-0.502716|-1.00101
1.51884|-0.772219|-0.0584124
0.157346|-0.614505|-1.86651
-1.21103|-0.664995|-1.61418
-1.23193|1.00493|-0.813013
0.979048|-0.452361|-0.640339
1.17312|0.926911|-0.143132
1.41173|-0.530244|-1.78912
-1.79624|0.888305|-1.70336
1.61031|-0.309284|-0.0866115
-0.485551|-0.370785|-0.630879
1.58891|-0.263762|-1.13346
0.716033|-0.512384|-1.03433
0.114177|0.664525|-0.411756
1.00995|-0.0293069|-0.344432
0.242056|-0.48667|-1.30564
-1.82803|0.904755|-0.474197
-0.53923|-0.478747|-1.5775
-0.719286|-0.989688|-0.236763
-1.02985|-0.211594|-1.71026
1.53861|0.237846|-0.432691
-1.24294|-0.10625|-0.476455
-0.273338|0.30022|-0.390881
-1.33478|-0.390121|-0.0736106
0.858551|-0.665398|-0.274239
-1.85605|0.535078|-1.92792
-1.51359|-0.918787|-0.89462
0.282722|0.0726127|-1.56224
-1.73356|-0.429868|-1.87109
-0.363804|-0.805857|-1.49663
1.31464|0.019303|-1.46257
2.00058|0.91637|-1.75652
-0.883827|0.455315|-1.05814
-0.841534|-0.34178|-0.949797
1.2756|0.0379009|-1.86535
1.3498|0.119678|-1.79272
0.039227|0.982705|-0.553789
-0.10692|-0.107123|-0.162236
0.200264|-0.296393|-0.231269
0.654846|-0.83043|-0.985198
-1.58904|-0.484454|-0.907071
1.19426|-0.287799|-0.283761
1.00182|-0.0795282|-1.28068
-0.237426|0.189035|-1.24192
0.541357|0.126728|-1.03482
1.38033|-0.691449|-1.98059
-1.60205|-1.01064|-1.55644
-1.00057|-0.19736|-0.584796
-0.234799|-0.807266|-0.911893
1.46278|0.674596|-1.56346
1.73769|-0.410599|-1.71355
0.438128|-1.07737|-0.0888699
0.152716|-0.248857|-1.97522
-1.07802|0.848558|-0.815088
-1.42437|-1.06361|-0.929594
1.70853|0.336006|-1.55107
-0.387202|1.0248|-1.80584
-0.411727|0.0134617|-1.32939
-0.70352|0.275915|-1.49846
-0.861179|0.0737541|-0.202643
-0.089903|-0.378036|-0.650838
-0.162601|0.182052|-1.17447
1.73143|-0.833854|-0.670553
-1.44039|-0.555757|-1.77685
-1.6317|0.41691|-0.347118
-0.0379757|-0.101752|-0.693136
-0.334149|0.307807|-1.80157
1.35543|-0.289007|-0.244087
0.0821451|1.01701|-1.21061
0.925368|0.287329|-1.25175
1.28498|0.775643|-1.87213
0.998692|-0.302771|-1.52879
1.30775|0.624174|-1.45213
0.259198|-0.715619|-1.75152
1.05412|-0.189639|-1.44115
-1.34904|0.0972533|-1.5175
-0.743686|-0.604837|-0.68392
0.813506|0.374545|-0.71334
-1.82027|-0.375082|-0.0955229
-0.735177|-0.423222|-1.67406
-0.53898|-0.491839|-0.0777612
-1.08153|-0.526215|-0.750328
1.04974|0.182186|-1.45799
0.869813|-0.356618|-0.571734
-1.96154|0.441215|-0.738609
-1.53185|0.483715|-1.2382
0.0981613|0.80109|-0.816126
-0.0198325|-1.03226|-0.656453
0.219283|-0.330903|-0.854823
1.08353|-1.05018|-1.99872
0.192506|0.545753|-1.43553
1.20553|0.737507|-0.552385
-0.834527|0.0850337|-1.18882
-1.63271|-0.243352|-1.80657
0.689631|-0.743953|-0.618122
0.700142|0.524738|-0.223518
1.052|0.152913|-1.47014
-1.59304|-0.512317|-0.533097
1.95766|-0.0266213|-1.57018
1.23493|0.248387|-1.30296
-0.0712592|1.09671|-1.25266
1.83679|-0.61464|-0.739464
0.310375|-0.779806|-0.140202
-0.172486|0.313111|-1.90271
0.63858|0.533265|-1.80004
0.618059|-0.6609|-1.5313
0.95177|1.08798|-0.491775
1.61256|0.10484|-0.216437
1.51233|0.255101|-0.560198
0.947391|-0.765773|-0.487564
-1.42362|-0.20958|-0.77102
0.888832|0.725959|-0.227912
-1.78874|-0.231535|-0.792749
-0.0488617|-0.106989|-0.476394
0.323012|-0.361385|-0.833888
-0.572639|0.549446|-1.83709
-1.65786|1.09355|-1.91107
-0.423614|-0.861986|-1.17008
-0.27096|-0.50661|-1.09397
-1.12757|-0.525074|-0.716514
1.61168|0.83372|-1.10135
-0.362052|-0.589462|-0.0711692
0.981425|-0.348225|-0.553911
0.423864|0.267186|-0.211554
0.74819|-0.581607|-1.7824
0.129818|0.474114|-0.864101
-1.98806|0.0240028|-1.0831
1.9305|0.857219|-0.595233
-1.04211|-0.872192|-1.46666
-0.138202|0.234892|-1.90185
-0.466657|-0.843388|-0.00366222
0.983677|-1.01017|-1.99121
0.739056|1.00412|-0.586749
1.0286|-0.789608|-0.643452
0.462278|0.358565|-0.0479751
-1.75846|0.896295|-0.277352
0.526843|0.855809|-0.849696
-1.426|0.876959|-0.852199
-0.971915|-0.713941|-0.749413
1.37069|0.374612|-0.282723
-0.211025|1.06254|-0.679769
0.855924|-0.971896|-0.368053
1.01233|1.04313|-0.329295
-0.762079|-0.841173|-1.58898
-0.853671|0.985122|-0.315012
-1.02597|-0.624979|-0.267647
-0.283348|-0.647404|-0.142521
1.03861|-0.242009|-1.25053
0.237677|0.287597|-0.117862
0.968662|0.5193|-1.22257
0.20577|1.05649|-0.744041
-0.706523|-0.15392|-0.745323
0.802245|-0.02172|-0.663228
-0.949768|-0.869573|-1.86962
-1.47692|-0.101282|-1.63945
0.600667|0.784909|-1.46782
1.30212|0.274773|-0.166387
-1.6307|-0.540785|-1.00571
0.824642|0.449071|-1.78082
-0.524841|-0.0400494|-0.0779443
-1.64472|-0.100073|-1.81365
0.085023|-0.38287|-0.418958
1.32902|0.523194|-0.872097
-1.83791|-0.687823|-0.0182501
-0.298488|0.315528|-0.557146
1.64309|0.754494|-0.169317
-0.0697577|-0.0444136|-0.545
1.05663|-0.255303|-0.510758
-0.92662|-0.30163|-1.93756
1.32127|0.567373|-1.13065
-1.13045|-0.918586|-1.46855
0.515331|0.587985|-1.3477
-1.0057|-0.0330668|-0.496231
0.253943|-0.334596|-0.607379
1.91524|-0.216294|-1.45463
1.59442|0.203201|-0.786767
-0.625817|0.663115|-0.340465
1.29149|-0.16849|-1.83746
0.542859|1.0616|-0.622639
-0.00294046|-0.694604|-0.865444
-1.07264|0.79639|-1.42216
2.00721|0.70387|-1.19498
-0.730923|-0.222941|-0.684835
1.76659|0.888507|-1.44462
1.08103|0.0565661|-0.0954619
1.70978|0.313379|-1.90417
-0.969413|-0.464983|-0.415052
-0.991935|-0.468542|-1.29618
1.69902|0.700647|-1.51323
-0.729171|-0.594363|-0.0776391
-1.04349|0.953902|-0.364025
-1.62607|0.169967|-1.54527
-0.508574|-0.678893|-0.425794
1.62657|-0.419663|-1.89166
1.03335|0.48244|-0.883023
0.19651|-0.289074|-1.78118
-1.76759|0.600876|-1.94549
-0.737429|-0.421677|-1.71007
0.106294|-0.380117|-0.518571
0.403844|0.175002|-0.148259
0.657849|0.461559|-0.837428
-1.7557|-0.451555|-1.97076
1.11594|1.09436|-0.840907
-0.798491|-0.0547533|-1.73009
0.0640019|-0.688092|-0.900845
-0.503319|0.0240699|-0.645344
0.915358|0.456859|-0.768395
-1.54424|1.00533|-0.538713
-1.81889|-0.598526|-1.00235
-1.50195|1.04266|-1.08664
1.16699|0.24691|-0.450575
0.461652|0.746638|-1.42247
2.04199|0.786789|-1.32438
-1.4051|-0.86306|-0.07416
1.96329|0.185678|-1.77233
-1.76922|-0.371926|-1.20353
-0.283473|0.515741|-0.390881
0.396461|0.83184|-0.872646
1.67012|-0.647002|-1.54155
-1.31564|-0.133308|-1.35923
-1.16123|0.736433|-0.43263
1.46016|-0.224284|-1.11362
1.83991|-0.995059|-0.42317
-0.81751|0.0428694|-1.55809
0.691633|-0.4627|-1.65508
1.5261|-0.0608631|-0.314402
1.68826|0.187625|-1.68139
-0.221285|0.400461|-0.36433
1.97643|1.024|-0.971099
-1.68926|-0.988412|-0.846278
1.48631|0.203873|-0.793298
0.330145|-0.477404|-0.422742
-0.462653|0.839561|-1.76092
1.91862|-0.97297|-1.16391
-0.640207|-0.311164|-1.99603
-0.750067|-0.634581|-0.436293
-0.0378506|-0.965517|-0.221992
-0.41986|0.150899|-1.10953
0.846915|0.150832|-0.829798
0.435501|-0.669829|-1.24955
1.1317|0.892804|-0.871426
1.2796|0.657543|-0.103519
1.10768|-0.666338|-0.740013
0.05712|0.7553|-0.349742
0.939633|0.419395|-0.762535
-0.424239|0.832444|-0.0344249
0.134823|-0.543403|-0.79989
0.741183|0.309754|-0.0986358
0.255194|-0.503119|-0.979644
-1.21916|0.82714|-1.66027
-1.43901|0.488617|-0.616962
0.232922|0.268731|-0.00708029
2.04975|0.216025|-0.972137
0.103291|-0.99949|-0.334727
1.60993|0.112427|-1.48601
-2.0281|0.95323|-0.365001
-1.64071|-0.812168|-0.291025
-0.485426|0.577108|-1.8695
-0.711153|-1.06442|-1.84979
-0.533724|-1.08624|-1.53978
0.30587|0.542195|-1.29063
-0.248437|-0.847551|-0.346019
-0.431497|-0.396298|-0.131413
0.398338|0.141633|-0.254585
0.347537|-0.579928|-1.35679
-1.09028|0.278936|-0.689169
0.647089|0.572945|-1.00076
0.0471099|-0.713807|-1.16025
-0.118932|1.06562|-0.225959
-1.95916|-0.938795|-1.81481
-0.453519|-0.402206|-0.135441
1.36256|0.161708|-1.01163
-0.431747|0.92342|-0.956084
-1.58829|0.794107|-1.16416
1.03661|1.0906|-1.54234
-1.92625|-0.0762383|-1.76324
-0.592659|-0.351448|-0.112064
-1.96629|0.97297|-0.437574
1.13433|0.607791|-0.49855
0.467908|-1.00312|-1.89434
0.221535|0.434904|-1.72936
-0.875694|0.509162|-1.33982
-0.624441|0.0215186|-0.177068
1.82302|0.934901|-0.277352
0.287852|0.967397|-0.616474
-0.792735|1.07999|-1.14975
1.80525|0.230326|-1.01791
-1.37094|0.494122|-1.9021
-0.723791|0.00607624|-1.56084
-1.98669|-0.753688|-0.92642
-0.816509|0.767116|-0.908109
-0.617684|-1.09731|-1.76696
-0.878321|0.106854|-1.99841
1.08928|-0.931947|-0.164861
1.25482|-0.640757|-1.23276
-0.213652|0.605039|-0.251839
1.70202|0.0851009|-0.71157
-1.02559|0.248387|-0.713034
0.876695|0.998148|-0.859462
-1.45503|-0.335871|-0.283151
1.14096|0.529975|-0.116276
1.25633|-0.860643|-1.76366
-1.9459|0.973641|-1.11936
-1.21841|0.302503|-1.6046
-0.688255|0.573482|-0.702048
1.86144|-0.761275|-0.731773
-1.32164|-0.169765|-1.84619
-0.432498|0.563277|-0.465896
1.35981|0.422416|-1.18601
-0.00619373|0.310022|-1.83294
-0.885078|-0.698901|-1.53673
0.497063|-1.02809|-0.0419324
-0.681748|1.05824|-0.945158
-1.82165|0.15674|-1.17154
-1.46041|-0.224686|-1.69494
-0.810628|-0.619138|-1.8952
-0.962406|0.211863|-0.288095
-0.680372|0.182589|-0.15479
0.967411|-1.04367|-0.421705
0.556247|-0.922413|-1.79284
0.10204|0.218979|-1.12888
-1.96554|0.36783|-0.0424207
-0.326641|-0.933491|-1.31407
1.31551|-0.862188|-0.192816
0.352792|0.462835|-1.62615
0.469285|-1.00594|-1.44591
0.250064|0.254161|-0.734336
1.38821|0.104437|-0.709799
0.292482|1.00996|-1.34916
-1.84016|0.348561|-1.58959
1.2009|0.759798|-1.51408
1.56138|-0.0256142|-0.873989
1.09003|-1.05408|-0.534135
-0.155969|-0.461693|-1.14591
0.613179|-0.902338|-0.153081
-1.94727|-0.626121|-0.495865
0.160724|-0.383139|-1.99274
1.68588|0.446989|-1.45732
1.11118|-0.991031|-1.57793
-1.03998|0.103766|-1.94867
-1.46003|0.0826838|-1.23484
-0.178492|0.763759|-1.95727
-0.366807|-0.758052|-0.520402
-0.569886|-0.264232|-1.68096
-0.573765|-0.0107089|-1.36985
-0.514205|0.117463|-0.603168
-0.168357|-0.282897|-1.58116
2.03273|-0.758657|-1.27311
-0.188377|-0.635185|-0.346812
1.6287|0.445848|-1.1337
0.841034|-0.468072|-1.03775
-1.3284|-0.0655629|-1.34831
-0.325265|-1.05273|-1.09726
-0.819512|-0.36877|-1.9621
0.212902|0.762081|-0.462478
0.520336|0.108399|-0.651936
1.95628|-0.0511948|-0.14301
0.77747|0.3352|-0.519608
1.66236|0.115784|-1.21097
-0.486802|0.650224|-1.61144
-0.911104|-0.936311|-1.23093
-0.696263|-0.138679|-1.86023
-0.175114|-0.00298776|-1.84399
1.17925|-0.789004|-0.689047
1.30513|-0.174331|-1.55815
1.46278|0.579861|-1.33915
-1.73043|-0.966524|-1.54582
0.0518647|-0.184066|-0.840175
-0.00782037|0.921204|-1.14878
-1.16711|0.142708|-0.179083
0.165729|0.226768|-1.60125
0.538354|-0.106049|-0.389538
-0.780973|0.165065|-0.946501
0.722915|1.02299|-1.73492
-0.851544|-1.0203|-1.9931
-0.415481|-0.791757|-1.63781
0.504445|-1.05596|-0.183477
1.07965|0.807535|-1.27006
-0.0165792|0.158083|-1.18394
1.21879|-0.730256|-1.51128
0.150214|-0.364742|-0.589984
-0.237051|0.575698|-1.05753
-1.82602|0.0422651|-0.143742
-0.191255|0.313984|-1.56706
-0.989933|0.605509|-0.00555437
-0.35542|-0.604971|-1.61754
1.40986|-0.0744255|-0.685995
-1.98343|-0.377499|-1.66619
2.01697|1.09745|-0.95584
1.44001|-0.935438|-0.904202
1.50257|0.415366|-1.17484
0.386451|0.471563|-0.627033
-0.860678|0.809482|-0.755882
-0.265455|0.337416|-0.253914
0.207021|-0.807266|-1.66607
-0.652219|0.286724|-0.172124
-0.6093|-0.124915|-0.704245
-1.98881|-0.645726|-0.908231
1.67325|0.688092|-1.54405
1.17062|0.28753|-1.47984
-1.13871|-0.552132|-0.928617
1.04124|0.718909|-1.92315
1.12645|1.02749|-1.71746
-2.04474|0.801224|-0.654439
-0.503945|-0.20112|-0.446486
-1.65535|0.945509|-1.27775
1.42349|0.707361|-0.43556
-1.2069|0.327882|-0.42671
0.589906|0.532459|-1.00388
-0.416732|0.511847|-0.994781
0.980049|-0.447258|-0.788903
1.57953|-0.061803|-0.397168
1.82227|-0.173928|-0.25251
0.291981|0.447124|-0.0849025
1.11744|0.0162816|-0.955229
-1.88308|0.284442|-1.13504
1.30237|-0.498151|-0.830897
0.310625|-0.113501|-0.128361
0.924868|-0.227171|-1.25462
0.590156|-0.59302|-0.445021
-1.25182|-0.365279|-0.908841
-1.5759|-1.07576|-1.30509
-1.01496|-0.332313|-1.07566
1.64885|0.616318|-1.11472
-0.43012|0.503858|-0.76046
-0.528845|-1.00399|-1.68731
-1.24119|-0.826469|-1.73473
-0.318633|-0.966994|-0.454665
1.27973|-0.00614338|-0.926298
-1.57052|0.721058|-1.60564
0.076014|1.01231|-0.331858
1.51584|0.0661672|-0.944609
-0.998943|-0.148012|-0.52797
-1.76008|0.23704|-1.90265
-1.86969|-0.701453|-0.665304
-1.17062|1.01178|-0.296518
-0.301616|0.107257|-1.29789
1.27447|-0.642369|-1.88507
1.12407|-0.738447|-0.266427
-1.39559|0.0519333|-0.249397
-0.102165|-0.542061|-1.8861
-1.58866|-0.21569|-1.78777
1.85956|1.0998|-1.61925
1.41236|-0.962563|-0.406018
-1.47542|0.73368|-0.00671407
-1.8742|-1.09644|-1.5623
0.525091|0.42678|-0.624836
-0.338903|0.532862|-0.425855
-0.376191|-0.361586|-0.98764
0.65322|-0.798605|-0.801782
1.67174|-0.536824|-0.375805
0.292106|0.707361|-0.885525
-1.30838|-0.119141|-0.2837
0.637579|0.425169|-1.61547
0.627194|0.0315226|-1.30064
0.556372|0.551192|-0.119694
1.68488|-0.102692|-0.518509
1.22329|-0.274572|-1.26426
1.24494|-1.0902|-1.74187
-0.739807|-0.399857|-1.35551
0.732925|0.875347|-0.615192
-0.0021897|-0.292096|-0.371227
-1.76596|0.600607|-0.0308847
